     2      3      5      7     11     13     15     17     19     21
    23     29     31     35     37     41     43     44     47     49
    51     53     59     61     66     67     70     71     73     79
    83     88     89     97    100    101    103    105    107    109
   113    118    120    126    127    128    131    133    136    137
   138    139    144    146    149    150    151    154    157    160
   161    163    167    173    177    179    181    182    183    185
   186    191    193    197    199    205    211    215    220    222
   223    224    227    228    229    233    239    240    241    243
   249    251    256    257    262    263    269    271    274    277
   278    280    281    283    288    289    293    307    311    313
   317    320    327    331    334    335    337    344    347    349
   353    359    360    365    367    373    374    379    381    383
   385    389    397    401    409    419    421    424    425    430
   431    433    439    443    449    457    461    462    463    466
   467    474    477    479    484    485    487    490    491    499
   501    503    506    509    513    518    521    523    535    539
   541    547    555    556    557    563    569    570    571    573
   575    577    579    580    587    593    596    599    601    605
   607    613    617    619    620    622    627    631    632    641
   643    647    653    655    659    661    666    671    673    675
   677    683    685    691    693    697    698    700    701    706
   708    709    712    719    721    722    727    733    735    738
   739    742    743    751    754    757    761    766    769    773
   774    787    797    806    809    811    813    816    817    821
   823    827    829    830    832    834    839    843    845    848
   851    853    854    857    859    863    868    872    874    876
   877    881    883    887    898    907    911    919    923    928
   929    936    937    940    941    947    949    953    959    966
   967    968    971    973    977    980    983    986    991    994
   995    997   1000 